St	Ref	Mass
1	1	733
2	1	936
5	1	749
8	1	675
11	1	1024
12	1	1040
13	1	1041
14	1	895
15	1	1098
16	1	1186
17	1	1202
18	1	1057
19	1	691
20	1	587
3	2	587
4	2	383
5	2	749
6	2	512
7	2	675
8	2	675
9	2	966
10	2	878
25	2	221
26	2	1040
27	2	1331
4	3	383
25	3	221
28	3	471
29	3	383
30	3	634
31	3	634
32	3	780
33	3	463
34	3	626
35	3	772
36	3	934
37	3	1080
38	3	667
39	3	813
40	3	1121
41	3	1014
42	3	1014
43	3	1443
57	4	1406
58	4	1406
59	4	1552
60	4	1479
61	4	1406
62	4	1610
63	4	1390
64	4	1536
65	4	1260
66	4	1406
67	4	1552
68	4	1406
51	5	1389
52	5	1405
53	5	1389
54	5	1535
55	5	1551
56	5	1535
21	6	1463
22	6	1447
23	6	1594
24	6	1610
44	6	1552
45	6	1463
46	6	1610
47	6	1610
48	6	1447
49	6	1594
50	6	1699
73	7	936
74	7	1186
75	7	1478
76	7	1625
77	7	1583
78	7	1316
79	7	1421
80	7	1462
69	8	967
70	8	1129
71	8	1332
72	8	1478
81	9	716
82	9	878
83	9	1024
84	9	1024
85	9	1040
86	9	1170
87	9	1243
88	9	1186
89	9	1227
90	10	708
91	10	560
92	10	545
93	10	342
94	10	180
463	10	722
7	11	675
95	11	878
96	11	966
97	11	1169
4	12	383
8	12	675
180	12	675
96	13	966
98	13	1040
99	13	1040
100	13	1477
101	13	1477
102	13	1331
103	13	1121
104	13	1266
105	13	1178
106	13	829
107	13	829
108	13	975
109	13	1412
110	13	1266
111	13	1266
112	13	1266
113	13	1120
114	13	1120
115	13	1120
116	13	1557
117	13	1266
118	13	1411
119	13	958
120	13	1411
121	14	895
122	15	895
5	16	749
53	16	1389
82	16	878
84	16	1024
98	16	1040
99	16	1040
124	16	1081
128	16	1186
129	16	1186
130	16	1040
131	16	1024
132	16	1243
133	16	1243
134	16	1243
96	17	966
102	17	1331
135	17	1843
136	17	1989
102	18	1331
137	18	1697
138	18	2062
139	18	2427
140	18	2793
7	19	675
96	19	966
102	19	1331
63	20	1390
141	20	424
142	20	587
143	20	733
144	20	587
145	20	733
146	20	879
147	20	790
148	20	936
149	20	1082
150	20	1098
151	20	1244
152	20	1390
153	20	952
154	20	1098
155	20	1098
156	20	1244
157	20	1244
158	20	1390
3	21	587
4	21	383
5	21	749
65	21	1260
122	21	895
159	21	529
160	21	749
161	21	895
162	21	1041
163	21	895
164	21	1114
165	21	733
166	21	895
167	21	1041
168	21	1041
169	21	1187
2	22	936
3	22	587
5	22	749
25	22	221
147	22	790
156	22	1244
165	22	733
166	22	895
168	22	1041
169	22	1187
171	22	1244
172	22	1447
173	22	424
174	22	1139
175	22	1082
176	22	936
177	22	529
178	22	587
179	22	733
693	22	628
7	23	675
96	23	966
1	24	733
141	24	424
159	24	529
3	25	587
4	25	383
5	25	749
141	25	424
142	25	587
143	25	733
144	25	587
147	25	790
153	25	952
159	25	529
160	25	749
161	25	895
163	25	895
181	25	936
92	26	545
93	26	342
94	26	180
182	26	870
183	26	708
184	26	342
122	27	895
148	27	936
150	27	1098
154	27	1098
166	27	895
168	27	1041
185	27	952
7	28	675
96	28	966
98	28	1040
99	28	1040
102	28	1331
1	29	733
2	29	936
3	29	587
122	29	895
160	29	749
166	29	895
172	29	1447
185	29	952
186	29	733
187	29	1098
188	29	1301
189	29	1244
190	29	1610
213	29	1260
214	29	1406
215	29	1610
216	29	1813
218	29	2121
219	29	2324
220	29	2283
221	29	2486
222	29	2690
223	29	2893
224	29	3258
225	29	3566
226	29	3973
4262	29	1918
191	30	977
192	30	1034
193	30	1180
194	30	1326
195	30	1733
3	31	587
165	31	733
196	31	1041
197	31	1203
198	31	733
199	31	635
200	31	838
201	31	895
202	31	797
203	31	692
204	31	936
205	31	895
25	32	221
206	32	367
207	32	424
208	32	628
209	32	831
210	32	1326
796	32	774
4219	32	977
4220	32	1034
4221	32	1034
4223	32	1180
4224	32	1326
106	33	829
108	33	975
73	34	936
163	34	895
211	34	774
212	34	733
227	35	301
228	35	504
229	35	813
230	35	870
231	35	1016
232	35	1032
233	35	667
234	35	870
235	35	1016
236	35	1121
237	35	1178
4216	35	504
4217	35	708
4218	35	1178
7	36	675
144	36	587
160	36	749
238	36	587
239	36	911
240	36	1114
241	36	1479
242	36	691
243	36	829
244	36	1056
245	36	1056
246	36	1194
247	36	998
248	36	1485
249	36	1501
250	36	1639
251	36	1947
252	36	1931
253	36	2085
254	36	2027
255	36	2011
256	36	2312
257	36	2296
258	36	2392
259	36	2376
260	36	2530
261	36	2838
262	36	2822
359	36	982
360	36	982
361	36	2757
362	36	2741
421	36	1040
263	37	1291
264	37	1437
265	37	1468
266	38	983
267	38	1129
268	38	1332
28	39	471
269	39	722
246	40	1194
248	40	1485
249	40	1501
270	41	714
271	41	1201
272	41	802
273	41	948
274	41	1110
275	41	1110
276	41	1256
7	42	675
96	42	966
98	42	1040
99	42	1040
102	42	1331
277	42	1040
278	42	1411
279	42	1411
280	42	1534
281	42	1534
282	42	1777
283	42	1697
263	43	1291
264	43	1437
265	43	1468
284	43	1437
285	43	1641
286	43	1583
287	43	926
288	43	926
289	43	780
290	43	926
291	43	926
96	44	966
102	44	1331
547	44	675
2086	44	1040
4	45	383
7	45	675
96	45	966
3	46	587
4	46	383
5	46	749
6	46	512
7	46	675
8	46	675
81	46	716
82	46	878
98	46	1040
129	46	1186
141	46	424
142	46	587
143	46	733
144	46	587
146	46	879
147	46	790
150	46	1098
153	46	952
159	46	529
160	46	749
161	46	895
163	46	895
165	46	733
166	46	895
181	46	936
185	46	952
212	46	733
292	46	749
293	46	790
294	46	790
295	46	952
296	46	1041
297	46	1041
298	46	1098
299	46	1098
300	46	1098
301	46	878
141	47	424
145	47	733
302	47	895
303	47	1275
304	47	1291
305	47	1437
5	48	749
8	48	675
81	48	716
82	48	878
84	48	1024
96	48	966
98	48	1040
131	48	1024
142	48	587
144	48	587
166	48	895
301	48	878
306	48	1155
307	48	716
308	48	1024
309	48	1104
310	48	1169
311	48	1315
5	49	749
52	49	1405
60	49	1479
98	49	1040
129	49	1186
164	49	1114
166	49	895
312	49	1405
313	49	1551
314	49	1551
315	49	1551
316	49	1771
317	49	2063
318	49	2063
319	49	2209
320	49	2209
321	49	1114
322	49	1114
323	49	1260
324	49	1260
325	49	1260
326	49	1479
327	49	1626
15	50	1098
16	50	1186
17	50	1202
328	50	1203
329	50	1406
330	50	1610
331	50	1772
332	50	2080
333	50	1364
334	50	1510
335	50	1551
336	50	1348
338	50	1698
339	50	1714
340	50	1203
341	50	1301
342	50	1260
343	50	1348
344	50	1202
345	50	1202
7	51	675
96	51	966
102	51	1331
346	51	1030
347	51	1110
348	51	1110
4	52	383
5	52	749
349	52	733
350	52	952
351	52	952
352	52	936
353	52	936
354	52	1098
355	52	1098
356	52	1082
357	52	1082
7	53	675
96	53	966
5	54	749
7	54	675
96	54	966
98	54	1040
358	55	878
7	56	675
4	57	383
5	57	749
363	57	911
4	58	383
25	58	221
144	58	587
159	58	529
166	58	895
366	58	692
367	58	790
368	58	1057
369	58	1057
370	58	1365
1	59	733
4	59	383
12	59	1040
19	59	691
25	59	221
159	59	529
364	59	528
365	59	837
98	60	1040
99	60	1040
102	60	1331
7	61	675
96	61	966
102	61	1331
57	62	1406
306	62	1155
371	62	587
372	62	1610
373	62	1667
374	62	1667
375	62	1975
376	62	1975
377	62	1975
96	63	966
97	63	1169
124	64	1081
125	64	1186
126	64	1227
127	64	1389
308	64	1024
3	65	587
4	65	383
5	65	749
238	65	587
292	65	749
321	65	1114
351	65	952
378	65	1114
379	65	1114
380	65	790
381	65	587
382	65	587
383	65	424
6	66	512
8	66	675
385	66	821
386	66	1243
387	66	1389
388	66	1592
389	66	1551
6	67	512
5	68	749
107	68	829
114	68	1120
636	69	342
8	70	675
81	70	716
307	70	716
390	70	732
391	70	732
84	71	1024
85	71	1040
392	71	894
4	72	383
142	72	587
292	72	749
321	72	1114
378	72	1114
379	72	1114
381	72	587
383	72	424
687	72	952
1	73	733
2	73	936
3	73	587
4	73	383
25	73	221
159	73	529
171	73	1244
172	73	1447
187	73	1098
393	73	1098
394	73	936
395	73	1463
396	73	1813
4	74	383
8	74	675
19	74	691
364	74	528
397	74	1243
398	74	1259
399	74	1534
400	74	1550
401	74	1550
402	74	1566
403	74	1874
404	74	2181
405	74	1202
406	74	1509
407	74	2124
408	74	1040
409	74	1056
410	74	853
411	74	1160
412	74	1467
413	74	1775
414	74	998
415	74	1305
416	74	836
417	74	545
418	74	749
419	74	895
420	74	952
6	75	512
7	75	675
8	75	675
53	75	1389
81	75	716
82	75	878
84	75	1024
86	75	1170
98	75	1040
124	75	1081
125	75	1186
128	75	1186
129	75	1186
130	75	1040
131	75	1024
132	75	1243
308	75	1024
385	75	821
421	75	1040
422	75	1186
423	75	1040
424	75	1186
425	75	1332
426	75	1332
7	76	675
427	76	2770
428	76	2623
430	76	1348
431	76	975
4233	76	2915
247	77	998
96	78	966
96	79	966
83	80	1024
433	81	545
437	82	342
438	82	488
439	82	665
440	82	811
7	83	675
8	83	675
96	83	966
7	84	675
8	84	675
96	84	966
398	85	1259
402	85	1566
403	85	1874
404	85	2181
398	86	1259
402	86	1566
403	86	1874
404	86	2181
441	87	1202
442	87	1364
443	87	1405
444	87	1567
445	87	1243
6	88	512
81	88	716
82	88	878
141	88	424
144	88	587
446	88	1243
447	88	1446
448	88	1958
449	88	1884
450	88	2103
451	88	2452
453	88	790
454	88	952
455	88	1301
456	88	1358
457	88	1870
458	88	1155
459	88	1724
460	88	1667
461	88	1520
5643	88	1169
462	89	342
463	89	722
7	90	675
6	91	512
8	91	675
385	91	821
464	91	1121
465	91	975
466	91	813
467	91	667
4	92	383
5	92	749
160	92	749
164	92	1114
469	92	911
470	92	895
3	93	587
4	93	383
6	93	512
8	93	675
25	93	221
81	93	716
141	93	424
165	93	733
364	93	528
1	94	733
3	94	587
4	94	383
13	94	1041
29	94	383
159	94	529
417	94	545
471	94	1016
472	94	749
473	94	790
7	95	675
96	95	966
474	95	675
475	95	966
476	95	966
477	95	966
6	96	512
8	96	675
81	96	716
307	96	716
4	97	383
7	97	675
8	97	675
96	97	966
7	98	675
8	98	675
19	98	691
242	98	691
19	99	691
414	99	998
415	99	1305
480	99	1612
96	100	966
102	100	1331
7	101	675
96	101	966
306	102	1155
481	102	1098
25	103	221
482	103	383
483	103	545
485	104	545
96	105	966
102	105	1331
8	106	675
159	106	529
165	106	733
385	106	821
266	107	983
267	107	1129
268	107	1332
419	108	895
7	109	675
8	109	675
96	109	966
98	109	1040
99	109	1040
100	109	1477
102	109	1331
129	109	1186
137	109	1697
160	109	749
161	109	895
489	109	1843
637	109	1697
680	109	1697
683	109	1917
684	109	2063
685	109	2209
2090	109	1697
4	110	383
5	110	749
7	110	675
8	110	675
25	110	221
96	110	966
98	110	1040
490	110	911
491	110	1202
492	110	708
7	111	675
96	111	966
4	112	383
7	112	675
493	114	755
494	114	755
495	114	796
496	114	958
497	114	958
498	114	1120
499	114	1120
500	114	1120
501	114	1266
502	114	1323
503	114	1307
504	114	1469
4248	114	958
6	115	512
505	115	1389
506	115	1186
507	115	1243
508	115	975
509	115	1024
510	115	675
405	116	1202
406	116	1509
407	116	2124
414	116	998
415	116	1305
419	116	895
480	116	1612
512	116	2431
513	116	2738
514	116	1817
515	116	1920
486	117	383
487	117	675
488	117	966
4	118	383
6	118	512
7	118	675
8	118	675
25	118	221
96	118	966
98	118	1040
99	118	1040
102	118	1331
516	119	1040
517	119	1243
518	119	1771
519	119	878
4	120	383
419	120	895
3	121	587
4	121	383
5	121	749
122	121	895
159	121	529
163	121	895
168	121	1041
169	121	1187
297	121	1041
326	121	1479
379	121	1114
520	121	895
521	121	1260
522	121	1626
523	121	1260
524	121	1772
525	121	895
526	121	1041
3	122	587
165	122	733
196	122	1041
197	122	1203
198	122	733
199	122	635
200	122	838
201	122	895
202	122	797
203	122	692
204	122	936
205	122	895
511	122	879
1	123	733
8	123	675
11	123	1024
25	123	221
39	123	813
70	123	1129
95	123	878
159	123	529
165	123	733
385	123	821
527	124	837
528	124	853
4100	124	383
7	125	675
4	126	383
7	126	675
7	127	675
531	128	959
532	129	342
1	131	733
3	131	587
4	131	383
533	131	559
534	131	763
535	131	966
536	131	1112
537	131	1139
538	131	1651
539	131	1610
4225	132	675
4226	132	966
7	133	675
96	133	966
4	134	383
7	134	675
8	134	675
96	134	966
516	134	1040
542	134	749
543	134	1331
545	134	1040
546	134	1249
4	135	383
5	135	749
25	135	221
4	136	383
29	136	383
547	136	675
551	136	675
552	136	966
553	137	1219
554	137	1057
555	137	895
556	137	749
557	137	1510
558	137	1348
559	138	911
560	138	1276
561	138	1804
25	139	221
177	139	529
179	139	733
207	139	424
229	139	813
235	139	1016
562	139	383
563	139	587
564	139	587
565	139	587
566	139	628
567	139	733
568	139	733
569	139	733
570	139	790
571	139	790
572	139	790
573	139	895
574	139	895
575	139	895
576	139	936
577	139	936
578	139	936
579	139	936
580	139	1041
581	139	1041
582	139	1098
583	139	1098
584	139	1098
585	139	1139
586	139	1139
587	139	1244
588	139	1244
589	139	512
590	139	528
591	139	675
592	139	691
593	139	878
594	139	894
595	139	878
596	139	894
597	139	1040
598	139	1056
599	139	1081
600	139	1097
601	139	1186
602	139	1202
603	139	708
604	139	667
605	139	870
606	139	870
607	139	829
608	139	1016
610	139	975
611	139	975
613	139	1121
615	139	1324
616	139	1324
4	140	383
7	140	675
25	140	221
98	140	1040
129	140	1186
618	140	1186
6	141	512
81	141	716
82	141	878
141	141	424
144	141	587
452	141	1169
453	141	790
454	141	952
478	141	1372
479	141	1534
619	141	2191
620	141	1317
621	141	1826
6	142	512
4	143	383
7	143	675
129	143	1186
159	143	529
425	143	1332
4106	143	1041
3	144	587
4	144	383
5	144	749
141	144	424
144	144	587
159	144	529
7	145	675
96	145	966
52	146	1405
96	146	966
98	146	1040
102	146	1331
129	146	1186
137	146	1697
138	146	2062
312	146	1405
519	146	878
626	146	1551
631	146	1771
632	146	1698
633	146	1844
4108	146	1698
4229	146	1551
4230	146	1551
482	147	383
5	148	749
164	148	1114
121	149	895
96	151	966
100	151	1477
102	151	1331
637	151	1697
4	152	383
7	152	675
25	152	221
96	152	966
3	153	587
122	153	895
165	153	733
168	153	1041
306	153	1155
481	153	1098
638	153	790
639	153	952
640	153	1098
7	154	675
8	154	675
96	154	966
4	155	383
5	155	749
122	155	895
521	155	1260
641	155	1772
4	156	383
5	156	749
25	156	221
122	156	895
141	156	424
143	156	733
159	156	529
165	156	733
166	156	895
168	156	1041
169	156	1187
642	156	1041
242	157	691
247	157	998
482	157	383
7	158	675
96	158	966
102	158	1331
643	158	675
4	159	383
7	159	675
8	159	675
96	159	966
159	159	529
385	159	821
644	159	471
437	160	342
646	160	342
647	160	342
648	160	504
5	161	749
98	161	1040
128	161	1186
129	161	1186
160	161	749
161	161	895
162	161	1041
425	161	1332
649	161	895
482	162	383
650	162	675
651	162	966
652	162	749
7	164	675
96	164	966
657	164	164
25	165	221
144	165	587
160	165	749
238	165	587
239	165	911
240	165	1114
241	165	1479
654	165	952
655	165	790
636	166	342
96	167	966
102	167	1331
547	168	675
548	168	966
658	168	821
4	170	383
7	170	675
8	170	675
96	170	966
160	170	749
651	171	966
7	172	675
7	173	675
96	173	966
97	174	1169
4	176	383
25	176	221
659	176	529
5618	177	821
229	178	813
231	178	1016
603	178	708
604	178	667
605	178	870
606	178	870
607	178	829
610	178	975
611	178	975
613	178	1121
614	178	1194
661	178	1016
662	178	1032
663	178	1340
3	179	587
4	179	383
5	179	749
25	179	221
159	179	529
166	179	895
366	179	692
369	179	1057
370	179	1365
639	179	952
664	179	1203
665	179	1057
666	179	424
667	180	9265
668	180	8956
670	181	755
531	183	959
7	184	675
8	184	675
96	184	966
98	184	1040
99	184	1040
102	184	1331
441	184	1202
442	184	1364
443	184	1405
444	184	1567
445	184	1243
519	184	878
671	184	1243
1	185	733
168	185	1041
4	186	383
7	186	675
25	186	221
672	186	1331
673	187	749
674	187	1040
7	188	675
669	190	463
6	191	512
7	191	675
25	191	221
96	191	966
405	192	1202
406	192	1509
407	192	2124
514	192	1817
6	193	512
81	193	716
422	193	1186
674	193	1040
675	193	878
676	193	1024
677	193	878
678	193	1024
562	194	383
6	195	512
25	196	221
177	196	529
207	196	424
562	196	383
564	196	587
566	196	628
567	196	733
568	196	733
569	196	733
571	196	790
572	196	790
573	196	895
574	196	895
575	196	895
576	196	936
578	196	936
580	196	1041
581	196	1041
582	196	1098
587	196	1244
591	196	675
592	196	691
595	196	878
596	196	894
597	196	1040
598	196	1056
601	196	1186
602	196	1202
4	197	383
5	197	749
25	197	221
4	198	383
5	198	749
8	198	675
25	198	221
96	198	966
102	198	1331
160	198	749
688	198	1114
689	198	1479
690	198	1845
691	198	2210
694	198	512
1	199	733
3	199	587
4	199	383
5	199	749
25	199	221
141	199	424
144	199	587
147	199	790
148	199	936
159	199	529
168	199	1041
693	199	628
562	200	383
692	200	998
696	200	487
4111	200	691
4247	200	691
25	201	221
482	201	383
651	201	966
7	202	675
96	202	966
1	203	733
12	203	1040
25	203	221
159	203	529
364	203	528
365	203	837
4	205	383
5	205	749
7	205	675
8	205	675
96	205	966
98	205	1040
99	205	1040
102	205	1331
2086	205	1040
96	206	966
98	206	1040
4	207	383
7	207	675
8	207	675
19	207	691
96	207	966
242	207	691
247	207	998
359	207	982
360	207	982
96	208	966
547	209	675
548	209	966
4	210	383
25	210	221
94	210	180
551	210	675
552	210	966
695	210	471
4	211	383
4	212	383
7	212	675
25	212	221
673	212	749
697	212	1040
699	213	326
82	217	878
392	217	894
700	218	1186
7	219	675
8	219	675
96	219	966
102	219	1331
7	220	675
96	220	966
102	220	1331
7	221	675
4	223	383
25	223	221
8	228	675
70	228	1129
385	228	821
702	228	878
703	228	878
4	229	383
5	229	749
100	229	1477
102	229	1331
704	229	2209
2086	229	1040
6	230	512
7	230	675
8	230	675
25	230	221
96	230	966
4	231	383
7	231	675
705	232	312
706	232	444
7	233	675
96	233	966
657	234	164
657	235	164
657	236	164
699	236	326
4	237	383
707	241	444
705	242	312
706	242	444
4	243	383
4	244	383
7	244	675
25	244	221
4	245	383
25	245	221
159	245	529
384	246	2080
708	246	1772
709	246	1918
710	246	1772
711	246	1610
712	246	1406
713	246	1244
714	246	1057
715	246	895
716	246	692
4	247	383
25	247	221
484	249	383
717	249	383
718	249	545
719	249	708
720	249	545
721	249	708
562	250	383
722	250	545
723	250	837
724	250	692
725	250	383
4234	250	675
4235	250	966
726	251	301
726	252	301
433	253	545
728	254	342
729	254	504
25	255	221
730	256	342
25	257	221
650	257	675
651	257	966
731	257	424
733	258	3342
734	258	2977
735	258	2685
736	258	2320
737	258	2029
7	259	675
5	262	749
122	262	895
160	262	749
164	262	1114
166	262	895
292	262	749
321	262	1114
322	262	1114
453	262	790
688	262	1114
738	262	790
739	262	790
740	262	790
741	262	1114
742	262	1114
4114	262	1155
3	263	587
4	263	383
7	263	675
25	263	221
98	263	1040
99	263	1040
102	263	1331
519	263	878
745	263	749
5	264	749
98	264	1040
102	264	1331
122	264	895
128	264	1186
233	264	667
369	264	1057
490	264	911
491	264	1202
747	264	958
748	264	813
749	267	260
750	267	422
751	267	584
752	267	747
753	267	909
754	267	1071
755	267	1231
756	267	1069
757	267	1393
758	267	1231
759	267	1393
760	267	1555
761	267	1717
762	267	1879
763	267	2042
764	267	1231
765	267	1393
766	267	1555
767	267	1717
768	267	1879
769	267	1555
770	267	1717
771	267	1879
772	267	2042
773	267	2204
774	267	1393
775	267	1555
776	267	1717
777	267	1879
778	267	2042
728	270	342
729	270	504
94	271	180
484	271	383
717	271	383
779	271	545
5	272	749
122	272	895
780	272	895
781	272	1041
782	272	1041
664	278	1203
7	280	675
96	280	966
783	280	604
784	280	634
220	281	2283
785	281	32775
786	281	3160
4262	281	1918
6	282	512
7	282	675
8	282	675
81	282	716
82	282	878
84	282	1024
98	282	1040
99	282	1040
124	282	1081
125	282	1186
126	282	1227
127	282	1389
129	282	1186
130	282	1040
132	282	1243
134	282	1243
301	282	878
308	282	1024
358	282	878
424	282	1186
510	282	675
618	282	1186
787	282	1024
788	282	1405
789	282	1535
7	283	675
790	286	150
791	286	194
792	287	383
96	288	966
650	288	675
797	288	878
794	289	854
795	290	356
25	985	221
6	997	512
8	997	675
81	997	716
364	997	528
391	997	732
96	999	966
102	999	1331
7	1003	675
96	1003	966
102	1003	1331
437	1005	342
1713	1005	504
1715	1005	667
1717	1005	829
7	1022	675
96	1022	966
7	1052	675
96	1052	966
98	1052	1040
99	1052	1040
102	1052	1331
651	1116	966
7	1124	675
96	1124	966
4	1134	383
25	1134	221
2219	1204	558
2221	1204	544
4	1380	383
7	1380	675
96	1380	966
4	1404	383
7	1404	675
25	1404	221
96	1404	966
7	1418	675
96	1418	966
96	1464	966
644	1464	471
102	1480	1331
1	1482	733
3	1482	587
4	1482	383
25	1482	221
29	1482	383
141	1482	424
144	1482	587
145	1482	733
159	1482	529
165	1482	733
173	1482	424
381	1482	587
383	1482	424
484	1482	383
666	1482	424
693	1482	628
3067	1482	367
3069	1482	628
3071	1482	424
3073	1482	628
3075	1482	628
437	1508	342
1713	1508	504
3081	1508	342
3083	1508	504
3085	1508	667
3087	1508	667
3089	1508	829
3	1526	587
4	1526	383
5	1526	749
3145	1526	1114
3147	1526	1114
482	1534	383
3433	1600	731
3435	1600	1022
4	1613	383
25	1613	221
548	1630	966
7	1648	675
96	1648	966
102	1648	1331
519	1648	878
4	1662	383
25	1662	221
547	1662	675
548	1662	966
482	1668	383
541	1668	966
650	1668	675
3633	1668	691
3635	1668	982
3637	1668	998
4	1670	383
5	1670	749
3	1672	587
6	1672	512
95	1672	878
165	1672	733
371	1672	587
385	1672	821
702	1672	878
703	1672	878
3639	1672	587
3641	1672	749
3643	1672	1032
3645	1672	1186
3647	1672	1186
3649	1672	878
3651	1672	1040
3653	1672	1040
3655	1672	1243
3657	1672	895
3659	1672	1114
3661	1672	1479
541	1674	966
4	1676	383
484	1678	383
3769	1762	675
4	1764	383
141	1764	424
159	1764	529
178	1764	587
3771	1764	587
96	1766	966
3777	1770	1114
4	1808	383
484	1808	383
717	1808	383
96	1810	966
102	1810	1331
96	1812	966
4	1816	383
7	1816	675
96	1816	966
4	1866	383
5	1866	749
3931	1868	1421
3933	1868	1421
3935	1868	1421
4	1874	383
5	1874	749
7	1874	675
8	1874	675
25	1874	221
29	1874	383
96	1874	966
98	1874	1040
99	1874	1040
102	1874	1331
163	1874	895
527	1874	837
666	1874	424
779	1874	545
3939	1874	383
3941	1874	692
3943	1874	1202
3945	1874	1202
3947	1874	1493
7	1948	675
242	1948	691
4	1957	383
5	1957	749
4276	1957	870
4278	1957	936
482	1959	383
650	1959	675
651	1959	966
4279	1959	1257
657	1965	164
7	1973	675
96	1973	966
4342	1983	878
4	1991	383
5	1991	749
7	1991	675
8	1991	675
96	1991	966
98	1991	1040
102	1991	1331
129	1991	1186
644	1991	471
3145	1991	1114
4463	1991	1260
4464	1991	1331
4465	1991	1551
4466	1991	1697
4467	1991	1626
4468	1991	1771
4469	1991	1843
4470	1991	1917
4471	1991	1405
657	2031	164
726	2031	301
4596	2031	447
657	2095	164
660	2095	821
707	2095	444
7	2135	675
519	2135	878
592	2135	691
593	2135	878
594	2135	894
596	2135	894
600	2135	1097
601	2135	1186
602	2135	1202
5175	2135	1081
4920	2141	675
4921	2141	966
657	2181	164
705	2181	312
706	2181	444
5110	2183	675
5111	2183	821
3	2191	587
4	2191	383
5	2191	749
7	2191	675
4	2195	383
25	2195	221
484	2197	383
657	2205	164
5174	2205	326
5389	2281	813
5390	2281	959
5391	2281	772
5392	2281	936
5393	2281	1056
5394	2281	854
5395	2281	1057
5396	2281	1137
5398	2281	1283
5399	2281	1162
5400	2281	868
5401	2281	1071
5402	2281	1297
5403	2281	1030
5404	2281	1233
5406	2281	1313
5407	2281	1459
5408	2281	1233
5409	2281	1516
5410	2281	1663
5411	2281	1395
5412	2281	1679
5413	2281	1825
5414	2281	1409
5620	2281	894
25	2409	221
562	2409	383
564	2409	587
565	2409	587
589	2409	512
591	2409	675
595	2409	878
597	2409	1040
643	2409	675
5827	2409	529
5828	2409	749
5829	2409	749
5830	2409	895
5831	2409	895
5832	2409	952
5833	2409	1041
5834	2409	1114
5835	2409	1260
5837	2409	966
5838	2409	1040
5839	2409	1186
4	2419	383
7	2419	675
96	2419	966
644	2419	471
484	2485	383
720	2485	545
721	2485	708
6042	2485	870
6043	2485	837
6044	2485	837
6045	2485	383
6046	2485	545
6185	2509	150
4	2515	383
159	2515	529
165	2515	733
473	2515	790
6263	2515	529
6264	2515	545
6265	2515	692
6266	2515	692
6267	2515	838
6268	2515	895
6269	2515	854
6270	2515	936
6272	2515	1146
1	2519	733
3	2519	587
4	2519	383
25	2519	221
29	2519	383
141	2519	424
144	2519	587
145	2519	733
159	2519	529
165	2519	733
173	2519	424
381	2519	587
383	2519	424
484	2519	383
666	2519	424
693	2519	628
3067	2519	367
3069	2519	628
3071	2519	424
3073	2519	628
3075	2519	628
8	2523	675
70	2523	1129
95	2523	878
385	2523	821
6274	2523	1041
6275	2523	1041
6276	2523	1203
6277	2523	1146
6278	2523	1244
6279	2523	1390
6280	2523	1594
6281	2523	983
6283	2523	1332
6285	2523	1641
6286	2523	1787
6287	2525	884
6289	2525	722
6290	2525	722
6291	2525	1046
6292	2525	870
6293	2525	763
6294	2525	1541
6295	2525	854
4	2539	383
96	2547	966
547	2583	675
548	2583	966
70	2597	1129
165	2597	733
196	2597	1041
197	2597	1203
198	2597	733
200	2597	838
201	2597	895
203	2597	692
204	2597	936
205	2597	895
6266	2597	692
6543	2597	1349
6544	2597	1219
6545	2597	1461
6546	2597	1934
6547	2597	692
6548	2597	879
6549	2597	1041
6550	2597	1607
6551	2597	1187
6552	2597	1754
6553	2597	1041
6555	2597	879
6557	2597	1365
8	2617	675
96	2617	966
98	2617	1040
6590	2619	675
6598	2654	150
6599	2654	282
6600	2654	312
6601	2654	444
6602	2654	444
6603	2654	591
6604	2654	458
6605	2654	577
6606	2654	577
6607	2654	577
6609	2654	607
6610	2654	621
3	2656	587
4	2656	383
159	2656	529
165	2656	733
533	2656	559
5391	2656	772
5400	2656	868
5401	2656	1071
6266	2656	692
6805	2656	975
6806	2656	975
6807	2656	829
6808	2656	975
6809	2656	1121
6810	2656	975
6811	2656	1178
6812	2656	1340
6813	2656	1324
6815	2656	1486
4	2669	383
5	2669	749
159	2669	529
4226	2669	966
6816	2669	587
6817	2669	675
6819	2669	895
6820	2669	1040
6821	2669	1186
6822	2669	1331
6823	2669	1114
90	2701	708
91	2701	560
92	2701	545
93	2701	342
94	2701	180
182	2701	870
183	2701	708
184	2701	342
462	2701	342
463	2701	722
6944	2705	12465
102	2707	1331
128	2707	1186
6950	2707	2266
6951	2707	2574
6952	2707	1389
6953	2707	2411
6954	2707	1988
3	2709	587
5	2709	749
6	2709	512
7	2709	675
8	2709	675
96	2709	966
98	2709	1040
159	2709	529
165	2709	733
168	2709	1041
519	2709	878
6955	2709	1098
6956	2710	2690
6957	2710	2486
6958	2710	2178
6959	2710	2283
6960	2710	1610
6961	2710	1406
6962	2710	1918
6963	2710	1463
7	2712	675
96	2712	966
242	2712	691
247	2712	998
359	2712	982
360	2712	982
414	2712	998
6968	2712	982
6969	2712	966
3	2713	587
4	2713	383
5	2713	749
25	2713	221
141	2713	424
142	2713	587
144	2713	587
381	2713	587
666	2713	424
3	2714	587
4	2714	383
5	2714	749
159	2714	529
160	2714	749
161	2714	895
162	2714	1041
649	2714	895
6970	2714	733
25	2716	221
94	2716	180
364	2716	528
6971	2716	733
6972	2716	529
6973	2716	837
6974	2716	326
6975	2717	895
6976	2717	895
6977	2717	749
6978	2717	952
6979	2717	1155
6981	2719	1186
6982	2719	1186
6983	2719	895
6984	2719	1389
1	2724	733
4	2724	383
12	2724	1040
25	2724	221
159	2724	529
365	2724	837
590	2724	528
7018	2724	691
4	2725	383
25	2725	221
159	2725	529
364	2725	528
7017	2725	837
437	2729	342
7024	2729	989
7025	2729	488
33	2736	463
159	2745	529
385	2745	821
6	2750	512
7	2750	675
96	2750	966
644	2750	471
484	2752	383
7	2753	675
96	2753	966
102	2753	1331
437	2762	342
1713	2762	504
2010	2762	667
2012	2762	829
2014	2762	991
2016	2762	1071
4	2768	383
25	2768	221
562	2768	383
25	2769	221
94	2769	180
705	2769	312
2062	2769	353
2078	2769	312
433	2770	545
3002	2770	1032
3003	2770	837
4	2775	383
7	2775	675
25	2775	221
96	2775	966
692	2777	998
25	2779	221
159	2779	529
165	2779	733
168	2779	1041
562	2779	383
564	2779	587
565	2779	587
393	2780	1098
7	2784	675
96	2784	966
1	2791	733
2	2791	936
3	2791	587
8	2791	675
14	2791	895
15	2791	1098
16	2791	1186
165	2791	733
471	2791	1016
520	2791	895
787	2791	1024
6590	2792	675
159	2795	529
638	2795	790
5392	2795	936
3	2798	587
4	2798	383
5	2798	749
95	2798	878
96	2798	966
98	2798	1040
99	2798	1040
247	2798	998
322	2798	1114
386	2798	1243
490	2798	911
688	2798	1114
103	2801	1121
105	2801	1178
106	2801	829
3	2803	587
4	2811	383
5	2811	749
6	2811	512
7	2811	675
8	2811	675
96	2811	966
98	2811	1040
99	2811	1040
102	2811	1331
122	2811	895
163	2811	895
166	2811	895
167	2811	1041
297	2811	1041
4	2812	383
7	2812	675
25	2812	221
96	2812	966
102	2812	1331
637	2812	1697
