    
3 4 3 5 
4 16 24 8 
6 676 2652 16 
5 26 51 9 
4 10 13 7 
5 100 260 12 
4 6 6 6 
5 36 72 10 
5 10 11 6 
6 60 126 10 
7 780 2986 16 
6 30 56 9 
4 6 5 5 
5 24 38 8 
5 12 15 7 
6 120 306 12 
5 25 40 8 
7 961 3782 16 
6 169 468 12 
6 49 98 10 
7 77 161 10 
8 1085 4181 16 
6 35 58 8 
7 195 530 12 
4 8 10 6 
5 20 31 8 
7 702 2729 16 
6 52 128 10 
5 20 36 8 
6 110 283 12 
5 12 18 7 
6 42 84 10 
6 20 32 7 
7 70 147 10 
8 810 3072 16 
7 60 142 10 
5 12 16 6 
6 30 49 8 
6 24 42 8 
7 132 333 12 
6 30 49 8 
8 992 3874 16 
7 182 499 12 
7 56 112 10 
8 88 184 10 
9 1120 4282 16 
7 42 71 8 
8 210 565 12 
3 4 3 5 
5 26 51 9 
4 10 13 7 
4 6 6 6 
5 30 60 9 
6 130 385 12 
4 12 17 7 
5 30 59 9 
4 5 4 5 
6 31 61 9 
5 13 18 7 
5 7 7 6 
6 35 70 9 
7 155 460 12 
5 15 22 7 
6 39 80 9 
4 5 4 5 
6 27 52 9 
5 11 14 7 
5 7 7 6 
6 35 70 9 
7 135 395 12 
5 15 22 7 
6 33 64 9 
5 6 5 5 
7 32 62 9 
6 14 19 7 
6 8 8 6 
7 40 80 9 
8 160 470 12 
6 18 27 7 
7 42 85 9 
3 4 3 5 
4 16 24 8 
5 36 72 10 
4 6 6 6 
5 100 260 12 
4 10 13 7 
4 12 17 7 
5 24 38 8 
6 60 126 10 
5 30 60 9 
6 120 306 12 
5 30 59 9 
4 7 8 6 
5 49 112 10 
6 121 352 12 
5 11 16 7 
6 169 468 12 
5 13 18 7 
5 21 38 8 
6 63 142 10 
7 165 471 12 
6 55 135 10 
7 195 530 12 
6 39 80 9 
4 5 4 5 
5 20 31 8 
6 42 84 10 
5 7 7 6 
6 110 283 12 
5 11 14 7 
5 15 22 7 
6 30 49 8 
7 70 147 10 
6 35 70 9 
7 132 333 12 
6 33 64 9 
5 8 9 6 
6 56 127 10 
7 132 379 12 
6 12 17 7 
7 182 499 12 
6 14 19 7 
6 24 43 8 
7 72 161 10 
8 180 507 12 
7 60 145 10 
8 210 565 12 
7 42 85 9 
3 4 3 5 
4 6 6 6 
4 10 13 7 
4 6 5 5 
5 10 11 6 
5 12 15 7 
4 8 10 6 
5 12 18 7 
5 20 36 8 
5 12 16 6 
6 20 32 7 
6 24 42 8 
3 4 3 5 
4 16 24 8 
4 6 5 5 
5 24 38 8 
5 49 112 10 
6 63 142 10 
4 8 10 6 
5 20 31 8 
5 12 16 6 
6 30 49 8 
6 56 127 10 
7 72 161 10 
3 4 3 5 
4 12 17 7 
4 7 8 6 
5 21 38 8 
4 5 4 5 
5 15 22 7 
5 8 9 6 
6 24 43 8 
3 4 3 5 
4 16 24 8 
4 6 5 5 
5 24 38 8 
5 25 40 8 
6 35 58 8 
4 8 10 6 
5 20 31 8 
5 12 16 6 
6 30 49 8 
6 30 49 8 
7 42 71 8 
3 4 3 5 
4 12 17 7 
4 5 4 5 
5 15 22 7 
4 5 4 5 
5 15 22 7 
5 6 5 5 
6 18 27 7 
2 3 2 4 
3 5 5 5 
4 9 12 6 
5 15 25 7 
4 8 10 5 
5 12 18 6 
5 15 22 6 
6 21 35 7 
3 4 3 4 
4 6 6 5 
3 6 7 5 
4 10 15 6 
3 6 7 5 
4 10 15 6 
5 12 17 6 
6 20 35 7 
5 12 17 5 
6 18 30 6 
6 20 31 6 
7 28 49 7 
4 8 10 5 
5 12 18 6 
4 9 12 5 
5 15 25 6 
2 3 2 4 
4 9 12 6 
4 8 10 5 
5 15 22 6 
3 4 3 4 
3 6 7 5 
3 6 7 5 
5 12 17 6 
5 12 17 5 
6 20 31 6 
4 8 10 5 
4 9 12 5 
2 3 2 4 
3 5 5 5 
3 9 12 6 
4 25 50 8 
3 5 5 5 
4 7 8 5 
4 25 50 8 
5 49 112 8 
3 6 7 5 
4 10 15 6 
4 12 17 6 
5 30 60 8 
4 10 15 6 
5 14 23 6 
5 30 60 8 
6 56 127 8 
3 4 3 4 
4 6 6 5 
4 12 17 6 
5 30 60 8 
4 6 6 5 
5 8 9 5 
5 30 60 8 
6 56 127 8 
4 8 10 5 
5 12 18 6 
5 16 24 6 
6 36 72 8 
5 12 18 6 
6 16 26 6 
6 36 72 8 
7 64 144 8 
2 3 2 4 
3 9 12 6 
3 4 3 4 
4 16 24 6 
3 6 7 5 
4 12 17 6 
4 8 10 5 
5 20 31 6 
3 4 3 4 
4 12 17 6 
4 5 4 4 
5 20 31 6 
4 8 10 5 
5 16 24 6 
5 10 13 5 
6 25 40 6 
2 3 2 4 
3 5 5 5 
3 4 3 4 
4 6 6 5 
3 6 7 5 
4 10 15 6 
4 8 10 5 
5 12 18 6 
2 3 2 4 
3 4 3 4 
3 6 7 5 
4 8 10 5 
2 3 2 4 
3 9 12 6 
3 6 7 5 
4 12 17 6 
3 4 3 4 
4 12 17 6 
4 8 10 5 
5 16 24 6 
2 4 4 4 
3 6 7 4 
3 6 7 4 
4 9 12 4 
1 2 1 2 
2 3 2 3 
2 4 4 4 
2 4 4 4 
3 6 7 4 
3 6 7 4 
1 2 1 2 
2 4 4 4 
1 2 1 2 
2 3 2 3 
1 2 1 2 
5 30 59 9 
4 5 4 5 
6 31 61 9 
5 13 18 7 
5 7 7 6 
6 35 70 9 
7 155 460 12 
5 15 22 7 
6 39 80 9 
4 5 4 5 
6 27 52 9 
5 11 14 7 
5 7 7 6 
6 35 70 9 
7 135 395 12 
5 15 22 7 
4 12 17 7 
5 24 38 8 
6 60 126 10 
5 30 60 9 
6 120 306 12 
5 30 59 9 
4 7 8 6 
5 49 112 10 
6 121 352 12 
5 11 16 7 
6 169 468 12 
5 13 18 7 
5 21 38 8 
6 63 142 10 
7 165 471 12 
6 55 135 10 
4 8 10 5 
4 9 12 5 
5 12 17 5 
2 3 2 4 
3 5 5 5 
3 9 12 6 
4 25 50 8 
3 5 5 5 
4 7 8 5 
4 25 50 8 
5 49 112 8 
3 6 7 5 
4 10 15 6 
6 56 127 8 
4 8 10 5 
5 12 18 6 
5 16 24 6 
6 36 72 8 
5 12 18 6 
6 16 26 6 
6 36 72 8 
7 64 144 8 
2 3 2 4 
3 9 12 6 
3 4 3 4 
4 16 24 6 
