3 4 3 5 
4 10 13 7 
4 7 8 6 
5 15 22 7 
4 5 4 5 
5 13 18 7 
5 9 11 6 
6 19 29 7 
3 4 3 5 
4 6 5 5 
5 12 15 7 
5 9 10 6 
6 17 24 7 
5 7 6 5 
6 15 20 7 
6 11 13 6 
7 21 31 7 
4 12 17 7 
5 30 59 9 
5 21 38 8 
6 45 96 9 
5 15 22 7 
6 39 80 9 
6 27 51 8 
7 57 125 9 
5 18 27 7 
6 36 69 9 
6 27 48 8 
7 51 106 9 
6 21 32 7 
7 45 90 9 
7 33 61 8 
8 63 135 9 
4 8 10 6 
5 20 36 8 
5 14 23 7 
6 30 59 8 
5 10 13 6 
6 26 49 8 
6 18 31 7 
7 38 77 8 
5 12 16 6 
6 24 42 8 
6 18 29 7 
7 34 65 8 
6 14 19 6 
7 30 55 8 
7 22 37 7 
8 42 83 8 
5 16 24 7 
6 40 82 9 
6 28 53 8 
7 60 133 9 
6 20 31 7 
7 52 111 9 
7 36 71 8 
8 76 173 9 
6 24 38 7 
7 48 96 9 
7 36 67 8 
8 68 147 9 
7 28 45 7 
8 60 125 9 
8 44 85 8 
9 84 187 9 
3 4 3 5 
4 7 8 6 
4 7 8 6 
5 11 15 6 
3 4 3 5 
4 6 5 5 
5 9 10 6 
5 9 10 6 
6 13 17 6 
4 12 17 7 
5 21 38 8 
5 21 38 8 
6 33 67 8 
5 18 27 7 
6 27 48 8 
6 27 48 8 
7 39 77 8 
4 8 10 6 
5 14 23 7 
5 14 23 7 
6 22 41 7 
5 12 16 6 
6 18 29 7 
6 18 29 7 
7 26 47 7 
5 16 24 7 
6 28 53 8 
6 28 53 8 
7 44 93 8 
6 24 38 7 
7 36 67 8 
7 36 67 8 
8 52 107 8 
2 3 2 4 
3 5 5 5 
3 5 5 5 
4 7 8 5 
3 5 5 5 
4 8 10 5 
4 8 10 5 
5 11 15 5 
4 5 4 4 
5 7 7 5 
4 9 12 6 
5 15 25 7 
5 15 22 6 
6 21 35 7 
3 4 3 4 
4 6 6 5 
4 6 6 5 
5 8 9 5 
4 6 6 5 
5 9 11 5 
5 9 11 5 
6 12 16 5 
3 6 7 5 
4 10 15 6 
4 10 15 6 
5 14 23 6 
4 10 15 6 
5 16 28 6 
5 16 28 6 
6 22 41 6 
4 8 10 5 
5 12 18 6 
5 12 18 6 
6 16 26 6 
5 12 18 6 
6 18 31 6 
6 18 31 6 
7 24 44 6 
3 6 7 5 
4 10 15 6 
4 10 15 6 
5 14 23 6 
4 10 15 6 
5 16 28 6 
5 16 28 6 
6 22 41 6 
5 10 13 5 
6 14 21 6 
5 12 17 6 
6 20 35 7 
6 20 31 6 
7 28 49 7 
4 8 10 5 
5 12 18 6 
5 12 18 6 
6 16 26 6 
5 12 18 6 
6 18 31 6 
6 18 31 6 
7 24 44 6 
4 9 12 5 
5 15 25 6 
5 15 25 6 
6 21 38 6 
5 15 25 6 
6 24 46 6 
6 24 46 6 
7 33 67 6 
5 12 17 5 
6 18 30 6 
6 18 30 6 
7 24 43 6 
6 18 30 6 
7 27 51 6 
7 27 51 6 
8 36 72 6 
2 3 2 4 
3 4 3 4 
3 5 5 5 
4 7 8 5 
4 5 4 4 
4 9 12 6 
5 15 22 6 
3 4 3 4 
4 5 4 4 
4 6 6 5 
5 8 9 5 
3 6 7 5 
4 8 10 5 
4 10 15 6 
5 14 23 6 
4 8 10 5 
5 10 13 5 
5 12 18 6 
6 16 26 6 
3 6 7 5 
4 8 10 5 
4 10 15 6 
5 14 23 6 
5 10 13 5 
5 12 17 6 
6 20 31 6 
4 8 10 5 
5 10 13 5 
5 12 18 6 
6 16 26 6 
4 9 12 5 
5 12 17 5 
5 15 25 6 
6 21 38 6 
5 12 17 5 
6 15 22 5 
6 18 30 6 
7 24 43 6 
2 3 2 4 
3 5 5 5 
3 4 3 4 
4 6 6 5 
3 6 7 5 
4 10 15 6 
4 8 10 5 
5 12 18 6 
3 6 7 5 
4 10 15 6 
4 8 10 5 
5 12 18 6 
4 9 12 5 
5 15 25 6 
5 12 17 5 
6 18 30 6 
2 3 2 4 
3 4 3 4 
3 6 7 5 
4 8 10 5 
3 6 7 5 
4 8 10 5 
4 9 12 5 
5 12 17 5 
2 3 2 4 
3 9 12 6 
3 4 3 4 
4 12 17 6 
3 6 7 5 
4 12 17 6 
4 8 10 5 
5 16 24 6 
2 3 2 4 
3 6 7 5 
3 4 3 4 
4 8 10 5 
1 2 1 2 
2 3 2 3 
2 4 4 4 
3 6 7 4 
2 4 4 4 
3 6 7 4 
3 6 7 4 
4 9 12 4 
1 2 1 2 
2 4 4 4 
2 4 4 4 
3 6 7 4 
1 2 1 2 
2 3 2 3 
1 2 1 2 
